16
0 78 97 80 121 106 144 133 31 129 22 37 160 71 39 43 11 42 156 41 116
1 49 84 55 127 136 14 60
2 107 159 48 32 162 58 47 38 21 81 151 62 90
3 51 75 148 157 26 131
4 146 17 25 110 67 77 155 18 82 111 64 125 85 98 154
5 95 137 65 113 66 102 112 138 61 165 36 94 40 143 56 135
6 54 130 70 88 50 24 74 34 10 72 126 93 63 28 115
7 44 92 13 96
8 103 16 105 158 134 124 53 128
9 23 91 46 120 150 108 15 19 29 142 122 117 149 69 104 153
12 99 164 20 140 57 147
27 123 145
30 35 45 68 141
33 52 114 73 59 152 132
76 87 163 118 109
79 86 100 139 161 119 101 83 89
