19
0 264 13 468 339 182 40 195 323 350 412 474
357 207 114 307 386 283 433 284 281 1 124 49 159 78 25 299 54 428 41 134 407 285 268 38 86 184 278 149 194 396 211 218
2 9 257 239 464 378 333 376 326 317 128 344 286 3 204 173 363 155 310 169 196 146 229 108 275 45 341 458 23 373 442 7 91 209 487 224 470 240 371 90 337 260 193 445 335 131 282 163 167 303 383 361 392 176 334 481 279 422 72 322 56 55 349 324 102 288 472
408 4 144 171 151 395 27 34 236 62 170 316 331 179 216 426 425 388 230 113 185 460 142 312 368 67 387 228 377 325 248 123 272 205 120 309 70 191 394 348
98 132 53 343 43 483 308 5 47 271 74 391 8 73 97 456 175 440 177 467 410 351 231 87 304 71 402 158 461 411
6 79 154 140 109 420 449 213 52 409 143 244 451 174 280 430
10 81 243
11 75 206 294 447 186 446 429 382 270 356 101 139 274 330 76 39 178 385 381 406 32 273 482
251 44 415 252 201 12 375 17 160 488 181 20 434 436 435 439 250 135 24 180 156 59 306 301
21 14 36 33 183 427 380 50 453 360 100 203 93 254 127 85 475 262 369 212 242 355 362 115 443 417 485 148 327 419
353 15 289 152 469 220 84 234 340 105 145 46 480 31 119 247 147 424 111 64 405 61 241 300 58 444 200 466 338 95 404 215 414 232 267 63 336 138 354 162 413 233 269 26 277 225 263 479 214 198 320 298 172 197 165 448 347 399 352 202 68 364 398 457 37 365 190 328 89 462 329 223 110 137 342 400 379 116 305 311 403 210 423 295 166 107 319 359 187 393 276 121 437 238 297 318 237 314 188 103 126 389
16 401 259 221 153 106 332 199 51 459 471 125 226 99 19 249
18 293 22 77 321 88 217 291 150 80 346 370
266 28 302 164 30 112 418 35 129 441 287 416 374 245 358 372 118 189 69 83 432 65 397 60 133 141 57 421 313 227 161 157 168 473 455
66 438 122 315 235 208 296 454 92 136 484 261 192 94 42 452 450 104 476 48 29 463 292
82 222 258 384 255 489 117 345 431 219 465
96 253 478 367
130 486 246 390 477 256
265 290 366
