20
53 216 224 187 247 63 149 11 175 47 88 75 71 163 69 125 108 118 0 94 113 185
1 6 168 5 78 22 77 214 233 136 2 215 17 32 176
3 142 148 152
4 236 43 167 114 19 219
7 20 183 45 54 138 220 35 238 172 182 62
70 190 100 50 8 189 40 109 177 221 151 200
232 9 87 178 61 46 93 116 96 67 239
10 122 191 124 34 223 105 24 141 86 193 133
12 164 135 68 21 49 226 156 56 139 196 121 128 129
13 146 48 222 38 14 143 104 204 154 218 180 83 210 42 211 155 29 206 188 81 157 65 28 171 26 25 145 244 246 41 84 123 134 169 179 159 59 140 98 31 89 207 242
15 161 166 248 16 227 110 27 44 37 95 30 195 150 57 201 60 147 101 197 36 192 228
91 241 153 72 80 102 18 203 103 52 212
23 79 165 33 82 132 120 144 202 64 126 240 117 243 137 237 184 127 130 170 111 194 230 213 234 85 245 92
119 39 235 199
51 58 208 225 229
55 66 162 112 205 209 90 99 217
73 174 160 115 251
74 107 131 76 231 173 158
250 181 97 249 252 253
106 186 198
