404
235
259
21
281
211
199
41
381
513
2
661
61
199
296
407
255
683
153
545
562
83
572
28
417
368
303
360
517
219
276
195
520
222
253
388
50
393
650
233
356
17
375
144
31
50
534
447
109
118
406
337
633
294
516
371
633
99
214
365
648
659
220
283
625
663
415
19
135
601
534
128
508
372
684
531
512
327
625
239
516
157
680
74
694
658
459
343
576
619
598
167
161
103
389
180
677
94
680
228
383
460
177
288
41
350
501
75
515
431
536
569
630
8
682
507
689
105
95
657
422
115
492
468
404
51
684
475
482
210
443
30
349
291
263
168
433
465
439
555
520
115
388
502
620
683
5
374
366
405
56
224
696
692
218
61
187
526
150
101
458
318
132
371
46
150
403
441
641
648
315
81
146
45
50
285
605
424
573
559
522
446
148
197
699
160
124
229
500
381
216
653
502
695
577
610
58
157
138
412
602
213
289
338
59
351
345
540
433
60
406
398
498
49
144
211
162
582
55
308
134
687
211
146
553
181
354
222
371
336
487
339
605
466
131
320
411
356
151
371
351
97
225
364
74
204
118
692
341
133
664
386
247
555
641
144
481
379
593
0
11
453
563
413
584
61
452
581
346
298
140
111
450
480
402
38
444
203
571
548
168
109
518
448
448
501
94
89
231
699
16
227
648
284
442
16
697
347
559
341
62
651
463
265
524
570
467
688
30
304
250
98
632
153
97
589
282
349
92
163
616
520
625
215
229
249
674
286
479
298
6
25
178
588
244
644
352
602
673
376
231
448
623
219
10
263
173
150
454
438
622
391
628
275
495
467
407
68
64
245
354
77
143
220
51
509
689
519
609
441
4
84
106
190
233
425
487
312
103
378
599
373
209
283
496
22
1
670
411
354
115
480
75
15
297
481
174
699
338
673
454
682
36
578
487
