12
0 66 14 100 179 49 19 113 112 6 16 186 2 45 98 156 122 92 107 161
1 65 3 46 70 82 67 64 127 35 111 140 10 22 53 60 79 135 173 24 104 132 137 11 20 196
4 200 72 144 153 5 97 108 142 116 78 139 166 197 50 90 23 195
125 102 73 119 12 7 94 190 154 169
8 76 84 198 193 199 96 95 34 89 9 69 37 103 152 201 150 42 59 32 167 123 133 157 30 110
148 43 38 87 31 25 27 29 36 18 175 99 174 83 71 168 44 55 183 170 131 128 189 115 13 52 105 187 63 68 136 61 177 141 114
15 93 176 146 117 163 191 26 151 39 138
17 81 149 101 164 171 21 181 51 188 109 134 172 80 118 194 158 121 74 184
77 106 165 33 180 185 86 129 192 178 58 85 28 120 143
40 41 147 56 62 155 48 124 159 47 145 162 75 91
54 88 130
57 182 126 160
